6
EXAMPLE NO. 1  INPUT ERRORS        10.       1.        0.        0.         
 7 6 0 2 4 0 4        0       16789112546         0010000000                    
0.        5.        2.        4.
EXAMPLE NO. 2  SIMPLE COAGULATION         4.19E-21  2.88E-10   1.00E-2  1.00E-20
2530 0 0 3 0 0        0       10000001000         0000000000
0.0       300.      600.
EXAMPLE NO. 3  COAGULATION AND SOURCES    4.19E-21  2.88E-10   1.00E-2  1.00E-20
2530 0 0 3 0 0        0       02000001000         0000000000
0.0       300.      600.      900.
EXAMPLE NO. 4  ADD GRID POINTS            4.19E-21  5.00E-10   1.00E-3  1.00E-20
2025 0 0 3 0 0        4       02200001000         0000000000
0.0       120.      300.
  7.00E-21  1.00E-20  2.00E-20  5.00E-20
EXAMPLE NO. 5 ADD DESCENDING GRID POINTS  5.00E-21  1.00E-10  .002     .00001
1022 0 0 1 0 0       -2       20000001000         0000000000
0.0       300.      600.      900.
  6.00E-11  3.00E-11
EXAMPLE NO. 6  CONDENSATION AND RESTART     1.E-18    1.E-12  .003        1.E-20
2530 0 0 3 0 0        0       10100101000         0100000000
1.        100.      200.
  1.169E23  4.951E22  2.096E22  1.578E22  2.687E21  6.668E20  1.655E20  7.023E19
  4.074E19  2.363E19  1.092E19  4.397E18  1.770E18  5.484E17  1.462E17  3.898E16
  1.129E16  3.437E15  1.046E15  2.904E14  6.743E13  1.886E13  6.986E12  1.814E12
  3.797E11
