 9
     EXAMPLE NO. 1  INPUT ERRORS        10.       1.        0.        0.         
 7 6 0 2 4 0 4        0       16789112546         0010000000                    
0.        5.        2.        4.
EXAMPLE NO. 2  SIMPLE COAGULATION         4.19E-21  2.88E-10   1.00E-2  1.00E-20
2530 0 0 3 0 0        0       10000001000         0000000000
0.0       300.      600.
EXAMPLE NO. 3  COAGULATION AND SOURCES    4.19E-21  2.88E-10   1.00E-2  1.00E-20
2530 0 0 3 0 0        0       02000001000         0000000000
0.0       300.      600.      900.
EXAMPLE NO. 4  ADD GRID POINTS            4.19E-21  5.00E-10   1.00E-3  1.00E-20
2025 0 0 3 0 0        4       02200001000         0000000000
0.0       120.      300.
  7.00E-21  1.00E-20  2.00E-20  5.00E-20
EXAMPLE NO. 5 ADD DESCENDING GRID POINTS  5.00E-21  1.00E-10  .002     .00001
1022 0 0 1 0 0       -2       20000001000         0000000000
0.0       300.      600.      900.
  6.00E-11  3.00E-11
EXAMPLE NO. 6  CONDENSATION AND RESTART     1.E-18    1.E-12  .003        1.E-20
2530 0 0 3 0 0        0       10100101000         0100000000
1.        100.      200.
  1.169E23  4.951E22  2.096E22  1.578E22  2.687E21  6.668E20  1.655E20  7.023E19
  4.074E19  2.363E19  1.092E19  4.397E18  1.770E18  5.484E17  1.462E17  3.898E16
  1.129E16  3.437E15  1.046E15  2.904E14  6.743E13  1.886E13  6.986E12  1.814E12
  3.797E11
EXAMPLE NO. 8  DC GDE WITH SOURCE         6.54E-23  5.24E-13   5.00E-3  1.00E-25
2530 5 2 4 0-1        2       11121001100         0100000000
0.0       .1        1.        10.       300.      900.      1200.     1800.
    8   10
  1.00E+07  3.00E+06  1.00E+06  3.00E+05  1.00E+05
  .900E-21  .140E-20
EXAMPLE NO. 9   DC GDE AND STEADY STATE   6.54E-23  5.24E-13   1.00E-2  1.00E-22
2530 5 2 6 5 4       -3       12222001100         1100000000
0.0       .05       .5        2.        5.        10.       30.       60.
    8   10
  1.00E+07  3.00E+06  1.00E+06  3.00E+05  1.00E+05
  .200E-12  .730E-13  .270E-13
EXAMPLE NO. 7   INPUT ERRORS TO DC GDE  1.        10.       .001          1.E-20
1225 1 2 1 1 9        4       20000103000         0020000000
0.        2.        5.        90.       70.
   19    4
100.      75.       50.       40.       30.
2.        3.        5.        4.
